<!DOCTYPE HTML>
<html>
  <head>
    <meta charset="UTF-8">
    <title>TOMTOM</title>
    <script>
      // @JSON_VAR data
      var data = {
        "program": "Tomtom",
        "version": "5.1.1",
        "release": "Wed Jan 29 15:00:42 2020 -0800",
        "cmd": [
          "tomtom", "-verbosity", "1", "-oc", "dreme_tomtom_out",
          "-min-overlap", "5", "-dist", "pearson", "-evalue", "-thresh", "1",
          "-no-ssc", "dreme_out/dreme.xml",
          "db/HUMAN/HOCOMOCOv11_full_HUMAN_mono_meme_format.meme"
        ],
        "options": {
          "strands": "both",
          "distance_measure": "pearson",
          "threshold_type": "evalue",
          "threshold_value": 1,
          "background_source": "--query--"
        },
        "alphabet": {
          "name": "DNA",
          "like": "dna",
          "ncore": 4,
          "symbols": [
            {
              "symbol": "A",
              "name": "Adenine",
              "colour": "CC0000",
              "complement": "T"
            }, {
              "symbol": "C",
              "name": "Cytosine",
              "colour": "0000CC",
              "complement": "G"
            }, {
              "symbol": "G",
              "name": "Guanine",
              "colour": "FFB300",
              "complement": "C"
            }, {
              "symbol": "T",
              "aliases": "U",
              "name": "Thymine",
              "colour": "008000",
              "complement": "A"
            }, {
              "symbol": "N",
              "aliases": "X.",
              "name": "Any base",
              "equals": "ACGT"
            }, {
              "symbol": "V",
              "name": "Not T",
              "equals": "ACG"
            }, {
              "symbol": "H",
              "name": "Not G",
              "equals": "ACT"
            }, {
              "symbol": "D",
              "name": "Not C",
              "equals": "AGT"
            }, {
              "symbol": "B",
              "name": "Not A",
              "equals": "CGT"
            }, {
              "symbol": "M",
              "name": "Amino",
              "equals": "AC"
            }, {
              "symbol": "R",
              "name": "Purine",
              "equals": "AG"
            }, {
              "symbol": "W",
              "name": "Weak",
              "equals": "AT"
            }, {
              "symbol": "S",
              "name": "Strong",
              "equals": "CG"
            }, {
              "symbol": "Y",
              "name": "Pyrimidine",
              "equals": "CT"
            }, {
              "symbol": "K",
              "name": "Keto",
              "equals": "GT"
            }
          ]
        },
        "background": [0.191, 0.309, 0.309, 0.191],
        "query_dbs": [
          {
            "source": "dreme_out/dreme.xml",
            "name": "dreme.xml",
            "loaded": 24,
            "excluded": 0,
            "last_modified": "Tue Mar 17 13:50:38 2020"
          }
        ],
        "target_dbs": [
          {
            "source": "db/HUMAN/HOCOMOCOv11_full_HUMAN_mono_meme_format.meme",
            "name": "HOCOMOCOv11_full_HUMAN_mono_meme_format",
            "loaded": 769,
            "excluded": 0,
            "last_modified": "Mon Oct 28 19:12:27 2019"
          }
        ],
        "queries": [
          {
            "db": 0,
            "id": "AAAMARAA",
            "alt": "DREME-12",
            "len": 8,
            "nsites": 2266,
            "evalue": "1.1e-040",
            "pwm": [
              [0.999964, 1.36358e-05, 1.36358e-05, 8.42859e-06], 
              [0.999964, 1.36358e-05, 1.36358e-05, 8.42859e-06], 
              [0.999964, 1.36358e-05, 1.36358e-05, 8.42859e-06], 
              [0.688416, 0.311562, 1.36358e-05, 8.42859e-06], 
              [0.999964, 1.36358e-05, 1.36358e-05, 8.42859e-06], 
              [0.709597, 1.36358e-05, 0.290381, 8.42859e-06], 
              [0.999964, 1.36358e-05, 1.36358e-05, 8.42859e-06], 
              [0.999964, 1.36358e-05, 1.36358e-05, 8.42859e-06]
            ]
          }, {
            "db": 0,
            "id": "AAATTAGC",
            "alt": "DREME-20",
            "len": 8,
            "nsites": 201,
            "evalue": "4.4e-016",
            "pwm": [
              [0.999598, 0.000153655, 0.000153655, 9.49777e-05], 
              [0.999598, 0.000153655, 0.000153655, 9.49777e-05], 
              [0.999598, 0.000153655, 0.000153655, 9.49777e-05], 
              [9.49777e-05, 0.000153655, 0.000153655, 0.999598], 
              [9.49777e-05, 0.000153655, 0.000153655, 0.999598], 
              [0.999598, 0.000153655, 0.000153655, 9.49777e-05], 
              [9.49777e-05, 0.000153655, 0.999656, 9.49777e-05], 
              [9.49777e-05, 0.999656, 0.000153655, 9.49777e-05]
            ]
          }, {
            "db": 0,
            "id": "AABATGGC",
            "alt": "DREME-8",
            "len": 8,
            "nsites": 638,
            "evalue": "1.1e-055",
            "pwm": [
              [0.999873, 4.8425e-05, 4.8425e-05, 2.99326e-05], 
              [0.999873, 4.8425e-05, 4.8425e-05, 2.99326e-05], 
              [2.99326e-05, 0.326016, 0.597134, 0.0768209], 
              [0.999873, 4.8425e-05, 4.8425e-05, 2.99326e-05], 
              [2.99326e-05, 4.8425e-05, 4.8425e-05, 0.999873], 
              [2.99326e-05, 4.8425e-05, 0.999892, 2.99326e-05], 
              [2.99326e-05, 4.8425e-05, 0.999892, 2.99326e-05], 
              [2.99326e-05, 0.999892, 4.8425e-05, 2.99326e-05]
            ]
          }, {
            "db": 0,
            "id": "ACGTSAY",
            "alt": "DREME-11",
            "len": 7,
            "nsites": 1003,
            "evalue": "5.9e-041",
            "pwm": [
              [0.999919, 3.08045e-05, 3.08045e-05, 1.9041e-05], 
              [1.9041e-05, 0.999931, 3.08045e-05, 1.9041e-05], 
              [1.9041e-05, 3.08045e-05, 0.999931, 1.9041e-05], 
              [1.9041e-05, 3.08045e-05, 3.08045e-05, 0.999919], 
              [1.9041e-05, 0.607148, 0.392814, 1.9041e-05], 
              [0.999919, 3.08045e-05, 3.08045e-05, 1.9041e-05], 
              [1.9041e-05, 0.705842, 3.08045e-05, 0.294108]
            ]
          }, {
            "db": 0,
            "id": "AGCCAATS",
            "alt": "DREME-21",
            "len": 8,
            "nsites": 328,
            "evalue": "6.2e-015",
            "pwm": [
              [0.999753, 9.41785e-05, 9.41785e-05, 5.8214e-05], 
              [5.8214e-05, 9.41785e-05, 0.999789, 5.8214e-05], 
              [5.8214e-05, 0.999789, 9.41785e-05, 5.8214e-05], 
              [5.8214e-05, 0.999789, 9.41785e-05, 5.8214e-05], 
              [0.999753, 9.41785e-05, 9.41785e-05, 5.8214e-05], 
              [0.999753, 9.41785e-05, 9.41785e-05, 5.8214e-05], 
              [5.8214e-05, 9.41785e-05, 9.41785e-05, 0.999753], 
              [5.8214e-05, 0.576139, 0.423745, 5.8214e-05]
            ]
          }, {
            "db": 0,
            "id": "ATCTCGGC",
            "alt": "DREME-22",
            "len": 8,
            "nsites": 218,
            "evalue": "1.4e-014",
            "pwm": [
              [0.999629, 0.000141678, 0.000141678, 8.75746e-05], 
              [8.75746e-05, 0.000141678, 0.000141678, 0.999629], 
              [8.75746e-05, 0.999683, 0.000141678, 8.75746e-05], 
              [8.75746e-05, 0.000141678, 0.000141678, 0.999629], 
              [8.75746e-05, 0.999683, 0.000141678, 8.75746e-05], 
              [8.75746e-05, 0.000141678, 0.999683, 8.75746e-05], 
              [8.75746e-05, 0.000141678, 0.999683, 8.75746e-05], 
              [8.75746e-05, 0.999683, 0.000141678, 8.75746e-05]
            ]
          }, {
            "db": 0,
            "id": "AVWCAC",
            "alt": "DREME-7",
            "len": 6,
            "nsites": 9754,
            "evalue": "3.6e-065",
            "pwm": [
              [0.999992, 3.1679e-06, 3.1679e-06, 1.95815e-06], 
              [0.266044, 0.417366, 0.316588, 1.95815e-06], 
              [0.544388, 3.1679e-06, 3.1679e-06, 0.455605], 
              [1.95815e-06, 0.999993, 3.1679e-06, 1.95815e-06], 
              [0.999992, 3.1679e-06, 3.1679e-06, 1.95815e-06], 
              [1.95815e-06, 0.999993, 3.1679e-06, 1.95815e-06]
            ]
          }, {
            "db": 0,
            "id": "CACTTTGG",
            "alt": "DREME-24",
            "len": 8,
            "nsites": 262,
            "evalue": "1.1e-013",
            "pwm": [
              [7.2873e-05, 0.999736, 0.000117894, 7.2873e-05], 
              [0.999691, 0.000117894, 0.000117894, 7.2873e-05], 
              [7.2873e-05, 0.999736, 0.000117894, 7.2873e-05], 
              [7.2873e-05, 0.000117894, 0.000117894, 0.999691], 
              [7.2873e-05, 0.000117894, 0.000117894, 0.999691], 
              [7.2873e-05, 0.000117894, 0.000117894, 0.999691], 
              [7.2873e-05, 0.000117894, 0.999736, 7.2873e-05], 
              [7.2873e-05, 0.000117894, 0.999736, 7.2873e-05]
            ]
          }, {
            "db": 0,
            "id": "CAGRWA",
            "alt": "DREME-16",
            "len": 6,
            "nsites": 5383,
            "evalue": "9.3e-029",
            "pwm": [
              [3.54815e-06, 0.999987, 5.74018e-06, 3.54815e-06], 
              [0.999985, 5.74018e-06, 5.74018e-06, 3.54815e-06], 
              [3.54815e-06, 5.74018e-06, 0.999987, 3.54815e-06], 
              [0.548572, 5.74018e-06, 0.451418, 3.54815e-06], 
              [0.631982, 5.74018e-06, 5.74018e-06, 0.368007], 
              [0.999985, 5.74018e-06, 5.74018e-06, 3.54815e-06]
            ]
          }, {
            "db": 0,
            "id": "CBGGRA",
            "alt": "DREME-4",
            "len": 6,
            "nsites": 22120,
            "evalue": "3.3e-130",
            "pwm": [
              [8.63469e-07, 0.999997, 1.39692e-06, 8.63469e-07], 
              [8.63469e-07, 0.379159, 0.274684, 0.346156], 
              [8.63469e-07, 1.39692e-06, 0.999997, 8.63469e-07], 
              [8.63469e-07, 1.39692e-06, 0.999997, 8.63469e-07], 
              [0.328073, 1.39692e-06, 0.671924, 8.63469e-07], 
              [0.999996, 1.39692e-06, 1.39692e-06, 8.63469e-07]
            ]
          }, {
            "db": 0,
            "id": "CCDCCKCC",
            "alt": "DREME-1",
            "len": 8,
            "nsites": 9864,
            "evalue": "1.0e-276",
            "pwm": [
              [1.93632e-06, 0.999993, 3.13257e-06, 1.93632e-06], 
              [1.93632e-06, 0.999993, 3.13257e-06, 1.93632e-06], 
              [0.170215, 3.13257e-06, 0.516523, 0.313259], 
              [1.93632e-06, 0.999993, 3.13257e-06, 1.93632e-06], 
              [1.93632e-06, 0.999993, 3.13257e-06, 1.93632e-06], 
              [1.93632e-06, 3.13257e-06, 0.54866, 0.451335], 
              [1.93632e-06, 0.999993, 3.13257e-06, 1.93632e-06], 
              [1.93632e-06, 0.999993, 3.13257e-06, 1.93632e-06]
            ]
          }, {
            "db": 0,
            "id": "CGCATGCG",
            "alt": "DREME-15",
            "len": 8,
            "nsites": 239,
            "evalue": "7.2e-029",
            "pwm": [
              [7.9883e-05, 0.999711, 0.000129235, 7.9883e-05], 
              [7.9883e-05, 0.000129235, 0.999711, 7.9883e-05], 
              [7.9883e-05, 0.999711, 0.000129235, 7.9883e-05], 
              [0.999662, 0.000129235, 0.000129235, 7.9883e-05], 
              [7.9883e-05, 0.000129235, 0.000129235, 0.999662], 
              [7.9883e-05, 0.000129235, 0.999711, 7.9883e-05], 
              [7.9883e-05, 0.999711, 0.000129235, 7.9883e-05], 
              [7.9883e-05, 0.000129235, 0.999711, 7.9883e-05]
            ]
          }, {
            "db": 0,
            "id": "CTGTCRCC",
            "alt": "DREME-23",
            "len": 8,
            "nsites": 563,
            "evalue": "2.0e-014",
            "pwm": [
              [3.39194e-05, 0.999877, 5.48748e-05, 3.39194e-05], 
              [3.39194e-05, 5.48748e-05, 5.48748e-05, 0.999856], 
              [3.39194e-05, 5.48748e-05, 0.999877, 3.39194e-05], 
              [3.39194e-05, 5.48748e-05, 5.48748e-05, 0.999856], 
              [3.39194e-05, 0.999877, 5.48748e-05, 3.39194e-05], 
              [0.431573, 5.48748e-05, 0.568338, 3.39194e-05], 
              [3.39194e-05, 0.999877, 5.48748e-05, 3.39194e-05], 
              [3.39194e-05, 0.999877, 5.48748e-05, 3.39194e-05]
            ]
          }, {
            "db": 0,
            "id": "DAAATR",
            "alt": "DREME-5",
            "len": 6,
            "nsites": 10182,
            "evalue": "2.7e-102",
            "pwm": [
              [0.49597, 3.03474e-06, 0.260852, 0.243173], 
              [0.999992, 3.03474e-06, 3.03474e-06, 1.87584e-06], 
              [0.999992, 3.03474e-06, 3.03474e-06, 1.87584e-06], 
              [0.999992, 3.03474e-06, 3.03474e-06, 1.87584e-06], 
              [1.87584e-06, 3.03474e-06, 3.03474e-06, 0.999992], 
              [0.510899, 3.03474e-06, 0.489096, 1.87584e-06]
            ]
          }, {
            "db": 0,
            "id": "GAGGCBGA",
            "alt": "DREME-14",
            "len": 8,
            "nsites": 1301,
            "evalue": "2.0e-030",
            "pwm": [
              [1.46799e-05, 2.37491e-05, 0.999947, 1.46799e-05], 
              [0.999938, 2.37491e-05, 2.37491e-05, 1.46799e-05], 
              [1.46799e-05, 2.37491e-05, 0.999947, 1.46799e-05], 
              [1.46799e-05, 2.37491e-05, 0.999947, 1.46799e-05], 
              [1.46799e-05, 0.999947, 2.37491e-05, 1.46799e-05], 
              [1.46799e-05, 0.392769, 0.189863, 0.417354], 
              [1.46799e-05, 2.37491e-05, 0.999947, 1.46799e-05], 
              [0.999938, 2.37491e-05, 2.37491e-05, 1.46799e-05]
            ]
          }, {
            "db": 0,
            "id": "GCCTGTAA",
            "alt": "DREME-10",
            "len": 8,
            "nsites": 334,
            "evalue": "1.8e-049",
            "pwm": [
              [5.71686e-05, 9.24872e-05, 0.999793, 5.71686e-05], 
              [5.71686e-05, 0.999793, 9.24872e-05, 5.71686e-05], 
              [5.71686e-05, 0.999793, 9.24872e-05, 5.71686e-05], 
              [5.71686e-05, 9.24872e-05, 9.24872e-05, 0.999758], 
              [5.71686e-05, 9.24872e-05, 0.999793, 5.71686e-05], 
              [5.71686e-05, 9.24872e-05, 9.24872e-05, 0.999758], 
              [0.999758, 9.24872e-05, 9.24872e-05, 5.71686e-05], 
              [0.999758, 9.24872e-05, 9.24872e-05, 5.71686e-05]
            ]
          }, {
            "db": 0,
            "id": "GCDGCNGC",
            "alt": "DREME-6",
            "len": 8,
            "nsites": 6305,
            "evalue": "1.3e-089",
            "pwm": [
              [3.0293e-06, 4.90079e-06, 0.999989, 3.0293e-06], 
              [3.0293e-06, 0.999989, 4.90079e-06, 3.0293e-06], 
              [0.307849, 4.90079e-06, 0.39873, 0.293416], 
              [3.0293e-06, 4.90079e-06, 0.999989, 3.0293e-06], 
              [3.0293e-06, 0.999989, 4.90079e-06, 3.0293e-06], 
              [0.177954, 0.239652, 0.402378, 0.180016], 
              [3.0293e-06, 4.90079e-06, 0.999989, 3.0293e-06], 
              [3.0293e-06, 0.999989, 4.90079e-06, 3.0293e-06]
            ]
          }, {
            "db": 0,
            "id": "GGCTGBR",
            "alt": "DREME-13",
            "len": 7,
            "nsites": 7865,
            "evalue": "8.5e-037",
            "pwm": [
              [2.42845e-06, 3.92875e-06, 0.999991, 2.42845e-06], 
              [2.42845e-06, 3.92875e-06, 0.999991, 2.42845e-06], 
              [2.42845e-06, 0.999991, 3.92875e-06, 2.42845e-06], 
              [2.42845e-06, 3.92875e-06, 3.92875e-06, 0.99999], 
              [2.42845e-06, 3.92875e-06, 0.999991, 2.42845e-06], 
              [2.42845e-06, 0.32384, 0.483787, 0.192371], 
              [0.322821, 3.92875e-06, 0.677172, 2.42845e-06]
            ]
          }, {
            "db": 0,
            "id": "GGGYGGGR",
            "alt": "DREME-2",
            "len": 8,
            "nsites": 7655,
            "evalue": "4.0e-223",
            "pwm": [
              [2.49507e-06, 4.03652e-06, 0.999991, 2.49507e-06], 
              [2.49507e-06, 4.03652e-06, 0.999991, 2.49507e-06], 
              [2.49507e-06, 4.03652e-06, 0.999991, 2.49507e-06], 
              [2.49507e-06, 0.695358, 4.03652e-06, 0.304636], 
              [2.49507e-06, 4.03652e-06, 0.999991, 2.49507e-06], 
              [2.49507e-06, 4.03652e-06, 0.999991, 2.49507e-06], 
              [2.49507e-06, 4.03652e-06, 0.999991, 2.49507e-06], 
              [0.240626, 4.03652e-06, 0.759367, 2.49507e-06]
            ]
          }, {
            "db": 0,
            "id": "GTTTCACY",
            "alt": "DREME-19",
            "len": 8,
            "nsites": 372,
            "evalue": "3.0e-017",
            "pwm": [
              [5.13304e-05, 8.30421e-05, 0.999814, 5.13304e-05], 
              [5.13304e-05, 8.30421e-05, 8.30421e-05, 0.999783], 
              [5.13304e-05, 8.30421e-05, 8.30421e-05, 0.999783], 
              [5.13304e-05, 8.30421e-05, 8.30421e-05, 0.999783], 
              [5.13304e-05, 0.999814, 8.30421e-05, 5.13304e-05], 
              [0.999783, 8.30421e-05, 8.30421e-05, 5.13304e-05], 
              [5.13304e-05, 0.999814, 8.30421e-05, 5.13304e-05], 
              [5.13304e-05, 0.596697, 8.30421e-05, 0.403169]
            ]
          }, {
            "db": 0,
            "id": "KTCTCY",
            "alt": "DREME-9",
            "len": 6,
            "nsites": 12199,
            "evalue": "5.6e-055",
            "pwm": [
              [1.56569e-06, 2.53297e-06, 0.448396, 0.5516], 
              [1.56569e-06, 2.53297e-06, 2.53297e-06, 0.999993], 
              [1.56569e-06, 0.999994, 2.53297e-06, 1.56569e-06], 
              [1.56569e-06, 2.53297e-06, 2.53297e-06, 0.999993], 
              [1.56569e-06, 0.999994, 2.53297e-06, 1.56569e-06], 
              [1.56569e-06, 0.562339, 2.53297e-06, 0.437657]
            ]
          }, {
            "db": 0,
            "id": "RGCTCCGS",
            "alt": "DREME-18",
            "len": 8,
            "nsites": 2343,
            "evalue": "2.3e-023",
            "pwm": [
              [0.326498, 1.31876e-05, 0.67348, 8.1516e-06], 
              [8.1516e-06, 1.31876e-05, 0.999971, 8.1516e-06], 
              [8.1516e-06, 0.999971, 1.31876e-05, 8.1516e-06], 
              [8.1516e-06, 1.31876e-05, 1.31876e-05, 0.999965], 
              [8.1516e-06, 0.999971, 1.31876e-05, 8.1516e-06], 
              [8.1516e-06, 0.999971, 1.31876e-05, 8.1516e-06], 
              [8.1516e-06, 1.31876e-05, 0.999971, 8.1516e-06], 
              [8.1516e-06, 0.530081, 0.469903, 8.1516e-06]
            ]
          }, {
            "db": 0,
            "id": "RGGAAR",
            "alt": "DREME-3",
            "len": 6,
            "nsites": 20456,
            "evalue": "3.1e-183",
            "pwm": [
              [0.47189, 1.51055e-06, 0.528108, 9.33708e-07], 
              [9.33708e-07, 1.51055e-06, 0.999997, 9.33708e-07], 
              [9.33708e-07, 1.51055e-06, 0.999997, 9.33708e-07], 
              [0.999996, 1.51055e-06, 1.51055e-06, 9.33708e-07], 
              [0.999996, 1.51055e-06, 1.51055e-06, 9.33708e-07], 
              [0.415378, 1.51055e-06, 0.58462, 9.33708e-07]
            ]
          }, {
            "db": 0,
            "id": "TGCAGTGR",
            "alt": "DREME-17",
            "len": 8,
            "nsites": 610,
            "evalue": "1.5e-028",
            "pwm": [
              [3.13064e-05, 5.06474e-05, 5.06474e-05, 0.999867], 
              [3.13064e-05, 5.06474e-05, 0.999887, 3.13064e-05], 
              [3.13064e-05, 0.999887, 5.06474e-05, 3.13064e-05], 
              [0.999867, 5.06474e-05, 5.06474e-05, 3.13064e-05], 
              [3.13064e-05, 5.06474e-05, 0.999887, 3.13064e-05], 
              [3.13064e-05, 5.06474e-05, 5.06474e-05, 0.999867], 
              [3.13064e-05, 5.06474e-05, 0.999887, 3.13064e-05], 
              [0.467168, 5.06474e-05, 0.53275, 3.13064e-05]
            ]
          }
        ],
        "targets": [
          {
            "db": 0,
            "id": "ANDR_HUMAN.H11MO.0.A",
            "len": 18,
            "nsites": 499,
            "evalue": "1.0e+000",
            "url": "http://hocomoco.autosome.ru/motif/ANDR_HUMAN.H11MO.0.A",
            "pwm": [
              [0.148305, 0.0701881, 0.0361268, 0.74538], 
              [0.0621501, 0.0481485, 0.777461, 0.11224], 
              [0.0681609, 0.0661809, 0.0140872, 0.851571], 
              [0.188377, 0.172372, 0.144322, 0.494929], 
              [0.0781789, 0.733382, 0.0361268, 0.152312], 
              [0.122258, 0.278563, 0.0321196, 0.567059], 
              [0.180363, 0.134304, 0.196415, 0.488918], 
              [0.198395, 0.178383, 0.216451, 0.40677], 
              [0.176356, 0.192408, 0.222462, 0.408774], 
              [0.200399, 0.256524, 0.120278, 0.422799], 
              [0.0721681, 0.0140872, 0.0140872, 0.899658], 
              [0.254496, 0.030116, 0.691306, 0.0240815], 
              [0.0280888, 0.0221016, 0.020098, 0.929712], 
              [0.0180707, 0.00607273, 0.0982386, 0.877618], 
              [0.00805269, 0.00807634, 0.0641773, 0.919694], 
              [0.420796, 0.0281124, 0.494953, 0.0561393], 
              [0.0861933, 0.525007, 0.0481485, 0.340651], 
              [0.290561, 0.158347, 0.0541593, 0.496933]
            ]
          }, {
            "db": 0,
            "id": "ATF1_HUMAN.H11MO.0.B",
            "len": 11,
            "nsites": 500,
            "evalue": "1.0e+000",
            "url": "http://hocomoco.autosome.ru/motif/ATF1_HUMAN.H11MO.0.B",
            "pwm": [
              [0.287981, 0.35999, 0.15803, 0.193999], 
              [0.357967, 0.114039, 0.361989, 0.166005], 
              [0.351968, 0.106041, 0.50996, 0.0320318], 
              [0.0180346, 0.00606059, 0.0320554, 0.943849], 
              [0.0200342, 0.0100598, 0.951871, 0.0180346], 
              [0.945849, 0.0100598, 0.0160586, 0.0280326], 
              [0.0320318, 0.829896, 0.054051, 0.0840214], 
              [0.0240334, 0.0160586, 0.875887, 0.0840214], 
              [0.0780226, 0.317998, 0.0160586, 0.587921], 
              [0.287981, 0.465969, 0.144033, 0.102018], 
              [0.535931, 0.114039, 0.186025, 0.164005]
            ]
          }, {
            "db": 0,
            "id": "ATF2_HUMAN.H11MO.0.B",
            "len": 11,
            "nsites": 500,
            "evalue": "1.0e+000",
            "url": "http://hocomoco.autosome.ru/motif/ATF2_HUMAN.H11MO.0.B",
            "pwm": [
              [0.315975, 0.0880442, 0.463969, 0.132012], 
              [0.423953, 0.166029, 0.383985, 0.026033], 
              [0.0200342, 0.024057, 0.0120594, 0.943849], 
              [0.016035, 0.014059, 0.939874, 0.0300322], 
              [0.903857, 0.0120594, 0.014059, 0.0700242], 
              [0.0340314, 0.361989, 0.248012, 0.355967], 
              [0.00203779, 0.0420534, 0.933875, 0.0220338], 
              [0.126013, 0.0720474, 0.0260566, 0.775883], 
              [0.158007, 0.775907, 0.0360546, 0.0300322], 
              [0.875863, 0.0180582, 0.064049, 0.0420298], 
              [0.0620258, 0.254011, 0.184025, 0.499938]
            ]
          }, {
            "db": 0,
            "id": "ATF2_HUMAN.H11MO.2.C",
            "len": 11,
            "nsites": 381,
            "evalue": "1.0e+000",
            "url": "http://hocomoco.autosome.ru/motif/ATF2_HUMAN.H11MO.2.C",
            "pwm": [
              [0.3228, 0.0866725, 0.540622, 0.0499058], 
              [0.509103, 0.00532905, 0.48027, 0.00529808], 
              [5.01182e-05, 8.1081e-05, 8.1081e-05, 0.999788], 
              [5.01182e-05, 8.1081e-05, 0.999819, 5.01182e-05], 
              [0.999788, 8.1081e-05, 8.1081e-05, 5.01182e-05], 
              [5.01182e-05, 0.994571, 0.00270506, 0.0026741], 
              [5.01182e-05, 8.1081e-05, 0.999819, 5.01182e-05], 
              [5.01182e-05, 8.1081e-05, 8.1081e-05, 0.999788], 
              [0.188977, 0.810892, 8.1081e-05, 5.01182e-05], 
              [0.997164, 8.1081e-05, 0.00270506, 5.01182e-05], 
              [0.0446578, 0.464526, 0.356943, 0.133873]
            ]
          }, {
            "db": 0,
            "id": "ATF3_HUMAN.H11MO.0.A",
            "len": 11,
            "nsites": 500,
            "evalue": "1.0e+000",
            "url": "http://hocomoco.autosome.ru/motif/ATF3_HUMAN.H11MO.0.A",
            "pwm": [
              [0.221994, 0.0900438, 0.579946, 0.108017], 
              [0.255987, 0.0280562, 0.70992, 0.00603699], 
              [0.0180346, 0.0420534, 0.00806019, 0.931852], 
              [0.0100362, 0.477966, 0.50796, 0.00403739], 
              [0.93985, 0.024057, 0.00406099, 0.0320318], 
              [0.00203779, 0.813899, 0.0420534, 0.14201], 
              [0.0380306, 0.0180582, 0.925877, 0.0180346], 
              [0.0280326, 0.224017, 0.00806019, 0.73989], 
              [0.265985, 0.164029, 0.535955, 0.0340314], 
              [0.575923, 0.104041, 0.252011, 0.0680246], 
              [0.0940194, 0.296003, 0.276007, 0.333971]
            ]
          }, {
            "db": 0,
            "id": "ATF6A_HUMAN.H11MO.0.B",
            "len": 12,
            "nsites": 20,
            "evalue": "1.0e+000",
            "url": "http://hocomoco.autosome.ru/motif/ATF6A_HUMAN.H11MO.0.B",
            "pwm": [
              [0.184647, 0.185234, 0.583244, 0.0468745], 
              [0.000950251, 0.21585, 0.323007, 0.460193], 
              [0.000950251, 0.261775, 0.598552, 0.138723], 
              [0.0927987, 0.399547, 0.46078, 0.0468745], 
              [0.000950251, 0.0321535, 0.00153731, 0.965359], 
              [0.000950251, 0.0474615, 0.950638, 0.000950251], 
              [0.919435, 0.0474615, 0.00153731, 0.0315664], 
              [0.000950251, 0.996562, 0.00153731, 0.000950251], 
              [0.000950251, 0.00153731, 0.996562, 0.000950251], 
              [0.000950251, 0.00153731, 0.00153731, 0.995975], 
              [0.000950251, 0.0933858, 0.904714, 0.000950251], 
              [0.0927987, 0.00153731, 0.904714, 0.000950251]
            ]
          }, {
            "db": 0,
            "id": "ATF7_HUMAN.H11MO.0.D",
            "len": 11,
            "nsites": 12644,
            "evalue": "1.0e+000",
            "url": "http://hocomoco.autosome.ru/motif/ATF7_HUMAN.H11MO.0.D",
            "pwm": [
              [0.217356, 0.0873357, 0.447029, 0.248279], 
              [0.57088, 0.00429298, 0.418478, 0.00634834], 
              [0.000515584, 0.000595606, 0.00439184, 0.994497], 
              [0.000396952, 0.000318797, 0.985996, 0.0132883], 
              [0.995327, 8.15321e-05, 0.00451048, 8.05989e-05], 
              [8.05989e-05, 0.992007, 0.00553862, 0.00237416], 
              [0.000555128, 2.44382e-06, 0.999441, 1.51059e-06], 
              [8.05989e-05, 2.44382e-06, 0.00332415, 0.996593], 
              [0.185661, 0.812279, 0.00138649, 0.000673761], 
              [0.997542, 0.000318797, 0.00158421, 0.000555128], 
              [0.00506316, 0.04706, 0.027367, 0.92051]
            ]
          }, {
            "db": 0,
            "id": "BC11A_HUMAN.H11MO.0.A",
            "len": 17,
            "nsites": 500,
            "evalue": "1.0e+000",
            "url": "http://hocomoco.autosome.ru/motif/BC11A_HUMAN.H11MO.0.A",
            "pwm": [
              [0.375718, 0.184637, 0.286206, 0.153439], 
              [0.550568, 0.0994823, 0.224106, 0.125844], 
              [0.500152, 0.142375, 0.230726, 0.126747], 
              [0.58997, 0.0166282, 0.226063, 0.167339], 
              [0.187423, 0.160808, 0.580428, 0.0713402], 
              [0.664499, 0.0145934, 0.269388, 0.0515192], 
              [0.104025, 0.0145002, 0.828562, 0.0529121], 
              [0.200405, 0.0327835, 0.758558, 0.00825314], 
              [0.880086, 0.0431371, 0.0486093, 0.0281677], 
              [0.867852, 0.00585144, 0.055556, 0.0707406], 
              [0.248387, 0.226058, 0.502153, 0.0234021], 
              [0.150146, 0.155004, 0.0315703, 0.66328], 
              [0.117821, 0.0725041, 0.760201, 0.0494747], 
              [0.658737, 0.0644248, 0.250675, 0.0261631], 
              [0.458773, 0.143465, 0.310178, 0.0875843], 
              [0.62269, 0.0788568, 0.157306, 0.141147], 
              [0.358973, 0.204712, 0.318088, 0.118227]
            ]
          }, {
            "db": 0,
            "id": "BHE40_HUMAN.H11MO.0.A",
            "len": 10,
            "nsites": 500,
            "evalue": "1.0e+000",
            "url": "http://hocomoco.autosome.ru/motif/BHE40_HUMAN.H11MO.0.A",
            "pwm": [
              [0.345969, 0.084045, 0.369988, 0.199998], 
              [0.170004, 0.014059, 0.627936, 0.188001], 
              [0.0980186, 0.897882, 0.00206139, 0.00203779], 
              [0.943849, 0.0120594, 0.0160586, 0.0280326], 
              [0.00803659, 0.929876, 0.0160586, 0.046029], 
              [0.0520278, 0.0420534, 0.899882, 0.00603699], 
              [0.046029, 0.014059, 0.0460526, 0.893859], 
              [0.00203779, 6.17876e-05, 0.997862, 3.81924e-05], 
              [0.583921, 0.234015, 0.116039, 0.066025], 
              [0.0920198, 0.45797, 0.379986, 0.0700242]
            ]
          }, {
            "db": 0,
            "id": "BMAL1_HUMAN.H11MO.0.A",
            "len": 11,
            "nsites": 410,
            "evalue": "1.0e+000",
            "url": "http://hocomoco.autosome.ru/motif/BMAL1_HUMAN.H11MO.0.A",
            "pwm": [
              [0.160983, 0.161012, 0.370717, 0.307289], 
              [0.173175, 0.521899, 0.292687, 0.0122387], 
              [0.0658842, 0.926679, 0.00251378, 0.00492343], 
              [0.897389, 0.0122675, 0.0342134, 0.0561305], 
              [0.0244309, 0.731604, 0.0342134, 0.209752], 
              [0.00736186, 0.0220212, 0.951063, 0.019554], 
              [0.0146772, 7.53474e-05, 0.0122675, 0.97298], 
              [4.65741e-05, 0.00495221, 0.975447, 0.019554], 
              [0.453594, 0.265864, 0.0268981, 0.253643], 
              [0.0512536, 0.492638, 0.292687, 0.163421], 
              [0.139037, 0.31951, 0.143943, 0.397511]
            ]
          }, {
            "db": 0,
            "id": "CEBPZ_HUMAN.H11MO.0.D",
            "len": 11,
            "nsites": 26,
            "evalue": "1.0e+000",
            "url": "http://hocomoco.autosome.ru/motif/CEBPZ_HUMAN.H11MO.0.D",
            "pwm": [
              [0.313332, 0.0336113, 0.344914, 0.308143], 
              [0.000731802, 0.68605, 0.224284, 0.0889342], 
              [0.0266737, 0.219096, 0.00118391, 0.753047], 
              [0.000731802, 0.36437, 0.566717, 0.0681807], 
              [0.9969, 0.00118391, 0.00118391, 0.000731802], 
              [0.000731802, 0.00118391, 0.00118391, 0.9969], 
              [0.000731802, 0.00118391, 0.00118391, 0.9969], 
              [0.000731802, 0.00118391, 0.997352, 0.000731802], 
              [0.000731802, 0.00118391, 0.997352, 0.000731802], 
              [0.0266737, 0.795006, 0.00118391, 0.177137], 
              [0.00721727, 0.13219, 0.0336113, 0.826981]
            ]
          }, {
            "db": 0,
            "id": "CPEB1_HUMAN.H11MO.0.D",
            "len": 17,
            "nsites": 1803,
            "evalue": "1.0e+000",
            "url": "http://hocomoco.autosome.ru/motif/CPEB1_HUMAN.H11MO.0.D",
            "pwm": [
              [0.163618, 0.217975, 0.0893078, 0.529099], 
              [0.000565193, 0.000571738, 0.000571738, 0.998291], 
              [0.0047247, 0.00362204, 0.000294437, 0.991359], 
              [0.000703843, 0.00181959, 0.000155787, 0.997321], 
              [1.05929e-05, 0.00168094, 1.71371e-05, 0.998291], 
              [0.996628, 0.000571738, 0.00223554, 0.000565193], 
              [0.00222899, 0.054368, 0.00334474, 0.940058], 
              [0.128123, 0.235722, 0.0283018, 0.607853], 
              [0.18192, 0.250697, 0.0732244, 0.49416], 
              [0.0926289, 0.223521, 0.0482674, 0.635583], 
              [0.0809823, 0.184144, 0.0344024, 0.700471], 
              [0.0654534, 0.135894, 0.0260834, 0.772569], 
              [0.100393, 0.118147, 0.0161005, 0.765359], 
              [0.181226, 0.099152, 0.0115251, 0.708097], 
              [0.224069, 0.116483, 0.0233104, 0.636137], 
              [0.240291, 0.168754, 0.034541, 0.556413], 
              [0.223653, 0.210349, 0.0700354, 0.495962]
            ]
          }, {
            "db": 0,
            "id": "CR3L2_HUMAN.H11MO.0.D",
            "len": 13,
            "nsites": 1219,
            "evalue": "1.0e+000",
            "url": "http://hocomoco.autosome.ru/motif/CR3L2_HUMAN.H11MO.0.D",
            "pwm": [
              [0.109113, 0.150136, 0.10174, 0.639012], 
              [0.0871701, 0.0830784, 0.723715, 0.106037], 
              [0.430661, 0.185408, 0.210837, 0.173094], 
              [0.13126, 0.0812328, 0.0246337, 0.762874], 
              [0.00350185, 0.217604, 0.725356, 0.0535388], 
              [0.992756, 0.00105069, 0.00269125, 0.00350185], 
              [0.0024765, 0.98928, 0.00494701, 0.00329678], 
              [1.56673e-05, 0.0016659, 0.996662, 0.00165622], 
              [0.00206636, 0.00371659, 0.00371659, 0.9905], 
              [0.00452719, 0.00863826, 0.983128, 0.00370691], 
              [0.134541, 0.126348, 0.588164, 0.150947], 
              [0.135361, 0.598007, 0.13127, 0.135361], 
              [0.542014, 0.143369, 0.177, 0.137617]
            ]
          }, {
            "db": 0,
            "id": "CREB1_HUMAN.H11MO.0.A",
            "len": 11,
            "nsites": 500,
            "evalue": "1.0e+000",
            "url": "http://hocomoco.autosome.ru/motif/CREB1_HUMAN.H11MO.0.A",
            "pwm": [
              [0.281982, 0.286005, 0.152031, 0.279982], 
              [0.345969, 0.0960426, 0.425977, 0.132012], 
              [0.509936, 0.0420534, 0.435975, 0.0120358], 
              [0.00403739, 0.024057, 0.0100598, 0.961846], 
              [0.00803659, 0.00606059, 0.977866, 0.00803659], 
              [0.969844, 6.17876e-05, 0.0220574, 0.00803659], 
              [0.0100362, 0.865889, 0.0280562, 0.096019], 
              [0.0180346, 0.0120594, 0.895883, 0.0740234], 
              [0.0800222, 0.268008, 0.0120594, 0.63991], 
              [0.313975, 0.503961, 0.0820454, 0.100018], 
              [0.621914, 0.122037, 0.116039, 0.14001]
            ]
          }, {
            "db": 0,
            "id": "CREB3_HUMAN.H11MO.0.D",
            "len": 13,
            "nsites": 93,
            "evalue": "1.0e+000",
            "url": "http://hocomoco.autosome.ru/motif/CREB3_HUMAN.H11MO.0.D",
            "pwm": [
              [0.115672, 0.201728, 0.244693, 0.437907], 
              [0.142525, 0.131911, 0.583039, 0.142525], 
              [0.486242, 0.00301719, 0.507851, 0.00289044], 
              [0.0109463, 0.000331901, 0.000331901, 0.98839], 
              [0.000205156, 0.011073, 0.988517, 0.000205156], 
              [0.999131, 0.000331901, 0.000331901, 0.000205156], 
              [0.000205156, 0.999258, 0.000331901, 0.000205156], 
              [0.000205156, 0.000331901, 0.999258, 0.000205156], 
              [0.000205156, 0.000331901, 0.000331901, 0.999131], 
              [0.0190021, 0.0943169, 0.87842, 0.00826101], 
              [0.0941901, 0.00838775, 0.728044, 0.169378], 
              [0.228454, 0.69045, 0.0137583, 0.0673373], 
              [0.51578, 0.129226, 0.204414, 0.150581]
            ]
          }, {
            "db": 0,
            "id": "CREB5_HUMAN.H11MO.0.D",
            "len": 11,
            "nsites": 1702,
            "evalue": "1.0e+000",
            "url": "http://hocomoco.autosome.ru/motif/CREB5_HUMAN.H11MO.0.D",
            "pwm": [
              [0.267328, 0.111645, 0.438888, 0.182139], 
              [0.563874, 0.0169091, 0.40584, 0.0133771], 
              [0.000304976, 0.000899418, 0.000311909, 0.998484], 
              [1.12215e-05, 1.8154e-05, 0.967059, 0.0329118], 
              [0.999365, 1.8154e-05, 1.8154e-05, 0.000598731], 
              [0.000598731, 0.968821, 0.000605664, 0.0299742], 
              [0.000598731, 1.8154e-05, 0.999372, 1.12215e-05], 
              [0.000304976, 0.006187, 0.000311909, 0.993196], 
              [0.381011, 0.615434, 0.000899418, 0.00265501], 
              [0.988202, 0.000605664, 0.00706827, 0.00412379], 
              [0.0245397, 0.0909353, 0.0738975, 0.810628]
            ]
          }, {
            "db": 0,
            "id": "CREM_HUMAN.H11MO.0.C",
            "len": 11,
            "nsites": 30,
            "evalue": "1.0e+000",
            "url": "http://hocomoco.autosome.ru/motif/CREM_HUMAN.H11MO.0.C",
            "pwm": [
              [0.0425032, 0.569827, 0.259387, 0.128283], 
              [0.462211, 0.209349, 0.327806, 0.000634553], 
              [0.257973, 0.405416, 0.26245, 0.07416], 
              [0.000634553, 0.00102658, 0.00102658, 0.997312], 
              [0.0333125, 0.00102658, 0.965026, 0.000634553], 
              [0.96055, 0.0377893, 0.00102658, 0.000634553], 
              [0.0333125, 0.89967, 0.0663825, 0.000634553], 
              [0.217126, 0.00102658, 0.781213, 0.000634553], 
              [0.106838, 0.0337045, 0.00102658, 0.858431], 
              [0.0292278, 0.703603, 0.225688, 0.041482], 
              [0.838007, 0.103145, 0.0337045, 0.025143]
            ]
          }, {
            "db": 0,
            "id": "E2F1_HUMAN.H11MO.0.A",
            "len": 14,
            "nsites": 500,
            "evalue": "1.0e+000",
            "url": "http://hocomoco.autosome.ru/motif/E2F1_HUMAN.H11MO.0.A",
            "pwm": [
              [0.327973, 0.16003, 0.377986, 0.134011], 
              [0.235991, 0.200022, 0.451971, 0.112016], 
              [0.271984, 0.21002, 0.290004, 0.227993], 
              [0.19, 0.102041, 0.465969, 0.24199], 
              [0.0820218, 0.200022, 0.703921, 0.0140354], 
              [0.0180346, 0.00606059, 0.965869, 0.0100362], 
              [0.056027, 0.921877, 0.00406099, 0.0180346], 
              [0.016035, 0.00806019, 0.95787, 0.0180346], 
              [0.0220338, 0.0820454, 0.889884, 0.00603699], 
              [0.0680246, 0.034055, 0.889884, 0.00803659], 
              [0.855867, 0.0200578, 0.0900438, 0.0340314], 
              [0.653907, 0.064049, 0.272007, 0.0100362], 
              [0.399958, 0.140034, 0.365989, 0.0940194], 
              [0.271984, 0.164029, 0.395983, 0.168005]
            ]
          }, {
            "db": 0,
            "id": "E2F3_HUMAN.H11MO.0.A",
            "len": 11,
            "nsites": 500,
            "evalue": "1.0e+000",
            "url": "http://hocomoco.autosome.ru/motif/E2F3_HUMAN.H11MO.0.A",
            "pwm": [
              [0.375963, 0.140034, 0.20802, 0.275983], 
              [0.261986, 0.0460526, 0.40998, 0.281982], 
              [0.126013, 0.124037, 0.675927, 0.0740234], 
              [0.0340314, 0.00606059, 0.955871, 0.00403739], 
              [0.124013, 0.769908, 0.0200578, 0.086021], 
              [0.152008, 0.00406099, 0.683925, 0.160006], 
              [0.096019, 0.0200578, 0.867888, 0.016035], 
              [0.0180346, 0.0100598, 0.95787, 0.0140354], 
              [0.833871, 0.0380542, 0.118038, 0.0100362], 
              [0.711896, 0.0620494, 0.200022, 0.026033], 
              [0.533931, 0.11004, 0.250012, 0.106017]
            ]
          }, {
            "db": 0,
            "id": "E2F4_HUMAN.H11MO.0.A",
            "len": 13,
            "nsites": 500,
            "evalue": "1.0e+000",
            "url": "http://hocomoco.autosome.ru/motif/E2F4_HUMAN.H11MO.0.A",
            "pwm": [
              [0.146009, 0.25801, 0.505961, 0.0900202], 
              [0.277983, 0.0960426, 0.461969, 0.164005], 
              [0.243989, 0.100042, 0.525957, 0.130012], 
              [0.100018, 0.188024, 0.695923, 0.016035], 
              [0.00403739, 0.0360546, 0.95787, 0.00203779], 
              [0.0120358, 0.973867, 6.17876e-05, 0.0140354], 
              [0.036031, 0.00206139, 0.945873, 0.016035], 
              [0.00403739, 0.0380542, 0.949872, 0.00803659], 
